# load data
group1 <- c(0.4, 0.44, 0.75, 0.75, 0.69, 0.5, 0.81, 0.86, 0.41, 0.52, 0.74, 0.62, 0.6, 0.86, 0.76, 0.52, 0.78, 0.6, 0.59, 0.7, 0.33, 0.26, 0.6, 0.35, 0.4, 0.44, 0.55, 0.52, 0.69, 0.77, 0.3, 0.67, 0.32, 0.36, 0.37, 0.42, 0.65, 0.54, 0.42, 0.44, 0.43, 0.75, 0.72, 0.55, 0.37, 0.3, 0.37, 0.5, 0.38, 0.44, 0.43, 0.45, 0.69, 0.73, 0.84, 0.49, 0.35, 0.45, 0.7, 0.35, 0.42, 0.63, 0.68, 0.66, 0.47, 0.54, 0.66, 0.49, 0.3, 0.65, 0.36, 0.39, 0.33, 0.42, 0.35, 0.49, 0.77, 0.45, 0.35, 0.82, 0.31, 0.43, 0.39, 0.69, 0.71, 0.41, 0.31, 0.38, 0.45, 0.67, 0.73, 0.44, 0.67, 0.81, 0.45, 0.4, 0.45, 0.56, 0.45, 0.35, 0.38, 0.39, 0.38, 0.41, 0.39, 0.49, 0.42, 0.55, 0.55, 0.35, 0.44, 0.33, 0.39, 0.34, 0.46, 0.5, 0.4, 0.37, 0.59, 0.72, 0.72, 0.42, 0.39, 0.32, 0.37, 0.48, 0.39, 0.32, 0.38, 0.29, 0.55, 0.48, 0.37, 0.53, 0.5, 0.37, 0.33, 0.36, 0.35, 0.33, 0.34, 0.34, 0.31, 0.41, 0.48, 0.43, 0.35, 0.53, 0.5, 0.41, 0.51, 0.54, 0.58, 0.48, 0.53, 0.67, 0.7, 0.68, 0.37, 0.63, 0.35, 0.71, 0.79, 0.73, 0.57, 0.75, 0.25, 0.44, 0.49, 0.68, 0.83, 0.32, 0.35, 0.38, 0.44, 0.46, 0.42, 0.37, 0.43, 0.79, 0.58, 0.61, 0.54, 0.79, 0.68, 0.6, 0.57, 0.66, 0.9, 0.34, 0.91, 0.75, 0.36, 0.9, 0.27, 0.88, 0.86, 0.9, 0.9, 0.44, 0.63, 0.34, 0.39, 0.68, 0.46, 0.59, 0.49, 0.63, 0.71, 0.44, 0.74, 0.44, 0.64, 0.85, 0.51, 0.44, 0.41, 0.37, 0.34, 0.35, 0.73, 0.82, 0.53, 0.81, 0.67, 0.33, 0.75, 0.65, 0.49, 0.34, 0.39, 0.31, 0.42, 0.79, 0.38, 0.83, 0.75, 0.42, 0.66, 0.49, 0.35, 0.55, 0.4, 0.68, 0.68, 0.3, 0.45, 0.34, 0.37, 0.76, 0.28, 0.48, 0.56, 0.9, 0.48, 0.66, 0.43, 0.3, 0.36, 0.33, 0.39, 0.37, 0.41, 0.85, 0.77, 0.38, 0.74, 0.9, 0.49, 0.49, 0.31, 0.34, 0.4, 0.32, 0.88, 0.44, 0.61, 0.76, 0.64, 0.44, 0.65, 0.57, 0.52, 0.66, 0.48, 0.65, 0.7, 0.5, 0.49, 0.68, 0.54, 0.61, 0.36, 0.27, 0.3, 0.73, 0.57, 0.56, 0.7, 0.33, 0.63, 0.57, 0.79, 0.64, 0.72, 0.68, 0.58, 0.62, 0.38, 0.31, 0.34, 0.32, 0.49, 0.88, 0.35, 0.35, 0.71, 0.33, 0.89, 0.33, 0.6, 0.79, 0.37, 0.86, 0.66, 0.96, 0.66, 0.69, 0.51, 0.8, 0.23, 0.35, 0.34, 0.33, 0.69, 0.88, 0.65, 0.58, 0.91, 0.38, 0.96, 0.84, 0.92, 0.46, 0.82, 0.84, 0.89, 0.58, 0.55, 0.92, 0.27, 0.5, 0.86, 0.77, 0.71, 0.56, 0.9, 0.44, 0.85, 0.78)
group2 <- c(0.41, 0.44, 0.77, 0.7, 0.69, 0.47, 0.8, 0.88, 0.46, 0.54, 0.78, 0.64, 0.5, 0.83, 0.79, 0.48, 0.83, 0.67, 0.56, 0.7, 0.35, 0.25, 0.6, 0.36, 0.39, 0.45, 0.56, 0.57, 0.64, 0.8, 0.19, 0.74, 0.35, 0.38, 0.37, 0.38, 0.64, 0.57, 0.43, 0.41, 0.45, 0.78, 0.74, 0.55, 0.44, 0.32, 0.34, 0.47, 0.35, 0.51, 0.48, 0.42, 0.69, 0.67, 0.84, 0.52, 0.35, 0.43, 0.72, 0.36, 0.39, 0.69, 0.63, 0.68, 0.52, 0.54, 0.7, 0.48, 0.3, 0.67, 0.39, 0.38, 0.29, 0.43, 0.34, 0.44, 0.83, 0.43, 0.4, 0.79, 0.32, 0.43, 0.39, 0.76, 0.61, 0.39, 0.34, 0.36, 0.46, 0.72, 0.76, 0.4, 0.67, 0.8, 0.52, 0.36, 0.46, 0.54, 0.46, 0.31, 0.39, 0.36, 0.35, 0.4, 0.32, 0.52, 0.39, 0.55, 0.65, 0.3, 0.47, 0.39, 0.33, 0.36, 0.45, 0.53, 0.42, 0.39, 0.63, 0.66, 0.72, 0.43, 0.45, 0.25, 0.36, 0.49, 0.36, 0.35, 0.32, 0.3, 0.6, 0.47, 0.42, 0.62, 0.54, 0.32, 0.3, 0.37, 0.37, 0.34, 0.28, 0.34, 0.34, 0.43, 0.47, 0.4, 0.32, 0.53, 0.5, 0.35, 0.54, 0.53, 0.56, 0.48, 0.59, 0.69, 0.68, 0.74, 0.38, 0.62, 0.36, 0.71, 0.83, 0.71, 0.48, 0.78, 0.32, 0.44, 0.44, 0.67, 0.82, 0.34, 0.29, 0.4, 0.4, 0.47, 0.36, 0.37, 0.44, 0.78, 0.6, 0.65, 0.52, 0.77, 0.66, 0.59, 0.56, 0.67, 0.86, 0.32, 0.91, 0.72, 0.34, 0.92, 0.32, 0.88, 0.86, 0.9, 0.93, 0.43, 0.68, 0.28, 0.36, 0.64, 0.47, 0.52, 0.48, 0.69, 0.74, 0.43, 0.72, 0.48, 0.71, 0.86, 0.52, 0.42, 0.45, 0.36, 0.3, 0.36, 0.78, 0.8, 0.52, 0.82, 0.67, 0.39, 0.75, 0.72, 0.52, 0.39, 0.4, 0.32, 0.41, 0.88, 0.35, 0.83, 0.77, 0.48, 0.67, 0.45, 0.41, 0.57, 0.39, 0.74, 0.72, 0.26, 0.51, 0.38, 0.37, 0.76, 0.32, 0.57, 0.51, 0.92, 0.53, 0.63, 0.44, 0.4, 0.32, 0.32, 0.43, 0.36, 0.48, 0.85, 0.77, 0.37, 0.68, 0.92, 0.54, 0.55, 0.3, 0.38, 0.37, 0.33, 0.83, 0.4, 0.65, 0.62, 0.67, 0.47, 0.68, 0.59, 0.51, 0.65, 0.54, 0.64, 0.72, 0.49, 0.52, 0.76, 0.58, 0.61, 0.38, 0.31, 0.34, 0.74, 0.56, 0.52, 0.67, 0.38, 0.65, 0.59, 0.78, 0.72, 0.67, 0.63, 0.52, 0.59, 0.39, 0.3, 0.33, 0.32, 0.5, 0.89, 0.35, 0.35, 0.73, 0.31, 0.91, 0.33, 0.63, 0.77, 0.41, 0.9, 0.61, 0.9, 0.63, 0.7, 0.49, 0.8, 0.31, 0.34, 0.37, 0.35, 0.75, 0.9, 0.66, 0.57, 0.9, 0.37, 0.97, 0.85, 0.9, 0.49, 0.83, 0.88, 0.84, 0.58, 0.52, 0.93, 0.31, 0.47, 0.87, 0.75, 0.76, 0.55, 0.89, 0.42, 0.82, 0.82)

# create dataframe
data <- data.frame(
  values = c(group1, group2),
  group = factor(c(rep("Group 1", length(group1)), rep("Group 2", length(group2))))
)


# part mf mix

group5 = c(0.916, 0.753, 0.347, 0.872, 0.62, 0.359, 0.344, 0.336, 0.345, 0.347, 0.336, 0.355, 0.342, 0.841, 0.758, 0.559, 0.859, 0.41, 0.334, 0.351, 0.858)
group6 = c(0.916, 0.755, 0.346, 0.87, 0.623, 0.358, 0.347, 0.34, 0.338, 0.339, 0.342, 0.347, 0.345, 0.842, 0.754, 0.561, 0.857, 0.403, 0.335, 0.35, 0.859)


#full mf mix
group3 <- c(0.76, 0.48, 0.63, 0.37, 0.91, 0.48, 0.68, 0.39, 0.46, 0.69, 0.69, 0.39, 0.36, 0.83, 0.77, 0.42, 0.66, 0.5, 0.36, 0.5, 0.36, 0.38, 0.79, 0.64, 0.72, 0.68, 0.58, 0.6, 0.37, 0.86, 0.6, 0.79, 0.41, 0.84, 0.41, 0.77, 0.34, 0.74, 0.9, 0.49, 0.48, 0.35, 0.37, 0.35, 0.71, 0.36, 0.37, 0.89, 0.74, 0.63, 0.49, 0.91, 0.36, 0.32, 0.33, 0.66, 0.96, 0.66, 0.69, 0.51, 0.81, 0.69, 0.5, 0.81, 0.86, 0.41, 0.52, 0.78, 0.85, 0.4, 0.44, 0.75, 0.75, 0.44, 0.9, 0.56, 0.71, 0.77, 0.65, 0.58, 0.91, 0.82, 0.94, 0.47, 0.45, 0.84, 0.92, 0.46, 0.82, 0.84, 0.89, 0.58, 0.55, 0.92, 0.49, 0.86, 0.68, 0.35, 0.91, 0.72, 0.73, 0.82, 0.53, 0.89, 0.81, 0.65, 0.41, 0.72, 0.65, 0.49, 0.36, 0.36, 0.34, 0.38, 0.34, 0.68, 0.6, 0.57, 0.66, 0.9, 0.86, 0.9, 0.9, 0.44, 0.63, 0.34, 0.39, 0.68, 0.46, 0.59, 0.49, 0.63, 0.71, 0.44, 0.74, 0.44, 0.64, 0.85, 0.51, 0.44, 0.41, 0.39, 0.88, 0.36, 0.62, 0.69, 0.35, 0.72, 0.79, 0.37, 0.73, 0.57, 0.68, 0.45, 0.45, 0.68, 0.83, 0.35, 0.38, 0.44, 0.47, 0.39, 0.4, 0.37, 0.43, 0.79, 0.58, 0.61, 0.67, 0.48, 0.5, 0.41, 0.51, 0.54, 0.35, 0.5, 0.35, 0.37, 0.37, 0.37, 0.59, 0.72, 0.72, 0.43, 0.39, 0.47, 0.39, 0.36, 0.38, 0.39, 0.36, 0.5, 0.35, 0.35, 0.53, 0.53, 0.43, 0.35, 0.36, 0.35, 0.36, 0.35, 0.35, 0.39, 0.48, 0.39, 0.55, 0.35, 0.49, 0.77, 0.45, 0.35, 0.82, 0.44, 0.43, 0.39, 0.69, 0.42, 0.71, 0.43, 0.37, 0.45, 0.67, 0.73, 0.44, 0.67, 0.81, 0.45, 0.4, 0.45, 0.56, 0.45, 0.32, 0.4, 0.39, 0.38, 0.41, 0.39, 0.49, 0.42, 0.69, 0.84, 0.73, 0.49, 0.35, 0.45, 0.36, 0.72, 0.44, 0.63, 0.68, 0.66, 0.47, 0.54, 0.66, 0.4, 0.41, 0.63, 0.36, 0.34, 0.35, 0.37, 0.6, 0.86, 0.75, 0.72, 0.55, 0.39, 0.76, 0.52, 0.78, 0.6, 0.59, 0.7, 0.37, 0.68, 0.41, 0.43, 0.56, 0.39, 0.43, 0.77, 0.55, 0.52, 0.62, 0.47, 0.34, 0.38, 0.36, 0.42, 0.65, 0.54, 0.42, 0.44, 0.39, 0.41, 0.36, 0.5, 0.38, 0.44, 0.43, 0.45, 0.35, 0.55, 0.4, 0.4, 0.37, 0.45, 0.43, 0.53, 0.58, 0.53, 0.7, 0.54, 0.78, 0.35, 0.38, 0.39, 0.37, 0.33, 0.35, 0.34, 0.34, 0.35, 0.83, 0.88, 0.44, 0.76, 0.61, 0.64, 0.44, 0.5, 0.49, 0.45, 0.64, 0.46, 0.53, 0.68, 0.54, 0.61, 0.36, 0.56, 0.71, 0.65, 0.57, 0.52, 0.66, 0.48, 0.65, 0.7, 0.38, 0.48, 0.57, 0.36, 0.38, 0.39, 0.36, 0.35, 0.38, 0.39)
